0.000000	1.000000	
0.502650	2.000000	
0.913300	3.000000	
0.921620	4.000000	
1.323940	5.000000	
1.332260	6.000000	
1.340580	7.000000	
1.348900	8.000000	
1.734590	9.000000	
1.742910	10.000000	
1.751230	11.000000	
1.759550	12.000000	
1.767870	13.000000	
1.776190	14.000000	
1.784510	15.000000	
1.792830	16.000000	
2.145240	17.000000	
2.153560	18.000000	
2.161880	19.000000	
2.170200	20.000000	
2.178520	20.050000	
2.186840	20.100000	
2.195160	20.150000	
2.203480	20.199000	
2.211800	20.249000	
2.220120	20.298000	
2.228440	20.347000	
2.236760	20.397000	
2.245080	20.446000	
2.253400	20.494000	
2.261720	20.543000	
2.270040	20.592000	
2.555890	20.641000	
2.564210	20.689000	
2.572530	20.737000	
2.580850	20.786000	
2.589170	20.834000	
2.597490	20.882000	
2.605810	20.930000	
2.614130	20.977000	
2.622450	21.025000	
2.630770	21.073000	
2.639090	21.120000	
2.647410	21.167000	
2.655730	21.215000	
2.664050	21.262000	
2.672370	21.309000	
2.680690	21.356000	
2.689010	21.403000	
2.697330	21.449000	
2.705650	21.496000	
2.713970	21.542000	
2.966540	21.589000	
2.974860	21.635000	
2.983180	21.681000	
2.991500	21.727000	
2.999820	21.773000	
3.008140	21.819000	
3.016460	21.865000	
3.024780	21.911000	
3.033100	21.957000	
3.041420	22.002000	
3.049740	22.048000	
3.058060	22.093000	
3.066380	22.138000	
3.074700	22.183000	
3.083020	22.228000	
3.091340	22.273000	
3.099660	22.318000	
3.107980	22.363000	
3.116300	22.408000	
3.124620	22.453000	
3.377180	22.497000	
3.385500	22.542000	
3.393820	22.586000	
3.402140	22.630000	
3.410460	22.674000	
3.418780	22.718000	
3.427100	22.762000	
3.435420	22.806000	
3.443740	22.850000	
3.452060	22.894000	
3.460380	22.938000	
3.468700	22.981000	
3.477020	23.025000	
3.485340	23.068000	
3.493660	23.112000	
3.501980	23.155000	
3.510300	23.198000	
3.518620	23.241000	
3.526940	23.284000	
3.535260	23.327000	
3.787830	23.370000	
3.796150	23.413000	
3.804470	23.455000	
3.812790	23.498000	
3.821110	23.541000	
3.829430	23.583000	
3.837750	23.626000	
3.846070	23.668000	
3.854390	23.710000	
3.862710	23.752000	
3.871030	23.794000	
3.879350	23.836000	
3.887670	23.878000	
3.895990	23.920000	
3.904310	23.962000	
3.912630	24.004000	
3.920950	24.045000	
3.929270	24.087000	
3.937590	24.129000	
3.945910	24.170000	
4.198480	24.211000	
4.206800	24.253000	
4.215120	24.294000	
4.223440	24.335000	
4.231760	24.376000	
4.240080	24.417000	
4.248400	24.458000	
4.256720	24.499000	
4.265040	24.540000	
4.273360	24.581000	
4.281680	24.621000	
4.290000	24.662000	
4.298320	24.702000	
4.306640	24.743000	
4.314960	24.783000	
4.323280	24.824000	
4.331600	24.864000	
4.339920	24.904000	
4.348240	24.944000	
4.356560	24.984000	
4.609130	25.024000	
4.617450	25.064000	
4.625770	25.104000	
4.634090	25.144000	
4.642410	25.184000	
4.650730	25.224000	
4.659050	25.263000	
4.667370	25.303000	
4.675690	25.342000	
4.684010	25.382000	
4.692330	25.421000	
4.700650	25.461000	
4.708970	25.500000	
4.717290	25.539000	
4.725610	25.578000	
4.733930	25.617000	
4.742250	25.656000	
4.750570	25.695000	
4.758890	25.734000	
4.767210	25.773000	
5.019780	25.812000	
5.028100	25.851000	
5.036420	25.889000	
5.044740	25.928000	
5.053060	25.967000	
5.061380	26.005000	
5.069700	26.044000	
5.078020	26.082000	
5.086340	26.120000	
5.094660	26.159000	
5.102980	26.197000	
5.111300	26.235000	
5.119620	26.273000	
5.127940	26.311000	
5.136260	26.349000	
5.144580	26.387000	
5.152900	26.425000	
5.161220	26.463000	
5.169540	26.501000	
5.177860	26.538000	
5.647860	1.000000	
7.410650	2.000000	
7.821300	3.000000	
7.829620	4.000000	
8.231940	5.000000	
8.240260	6.000000	
8.248580	7.000000	
8.256900	8.000000	
8.642590	9.000000	
8.650910	10.000000	
8.659230	11.000000	
8.667550	12.000000	
8.675870	13.000000	
8.684190	14.000000	
8.692510	15.000000	
8.700830	16.000000	
9.053240	17.000000	
9.061560	18.000000	
9.069880	19.000000	
9.078200	20.000000	
9.086520	20.050000	
9.094840	20.100000	
9.103160	20.150000	
9.111480	20.199000	
9.119800	20.249000	
9.128120	20.298000	
9.136440	20.347000	
9.144760	20.397000	
9.153080	20.446000	
9.161400	20.494000	
9.169720	20.543000	
9.178040	20.592000	
9.463890	20.641000	
9.472210	20.689000	
9.480530	20.737000	
9.488850	20.786000	
9.497170	20.834000	
9.505490	20.882000	
9.513810	20.930000	
9.522130	20.977000	
9.530450	21.025000	
9.538770	21.073000	
9.547090	21.120000	
9.555410	21.167000	
9.563730	21.215000	
9.572050	21.262000	
9.580370	21.309000	
9.588690	21.356000	
9.597010	21.403000	
9.605330	21.449000	
9.613650	21.496000	
9.621970	21.542000	
9.874540	21.589000	
9.882860	21.635000	
9.891180	21.681000	
9.899500	21.727000	
9.907820	21.773000	
9.916140	21.819000	
9.924460	21.865000	
9.932780	21.911000	
9.941100	21.957000	
9.949420	22.002000	
9.957740	22.048000	
9.966060	22.093000	
9.974380	22.138000	
9.982700	22.183000	
9.991020	22.228000	
9.999340	22.273000	
10.007660	22.318000	
10.015980	22.363000	
10.024300	22.408000	
10.032620	22.453000	
10.285180	22.497000	
10.293500	22.542000	
10.301820	22.586000	
10.310140	22.630000	
10.318460	22.674000	
10.326780	22.718000	
10.335100	22.762000	
10.343420	22.806000	
10.351740	22.850000	
10.360060	22.894000	
10.368380	22.938000	
10.376700	22.981000	
10.385020	23.025000	
10.393340	23.068000	
10.401660	23.112000	
10.409980	23.155000	
10.418300	23.198000	
10.426620	23.241000	
10.434940	23.284000	
10.443260	23.327000	
10.695830	23.370000	
10.704150	23.413000	
10.712470	23.455000	
10.720790	23.498000	
10.729110	23.541000	
10.737430	23.583000	
10.745750	23.626000	
10.754070	23.668000	
10.762390	23.710000	
10.770710	23.752000	
10.779030	23.794000	
10.787350	23.836000	
10.795670	23.878000	
10.803990	23.920000	
10.812310	23.962000	
10.820630	24.004000	
10.828950	24.045000	
10.837270	24.087000	
10.845590	24.129000	
10.853910	24.170000	
11.106480	24.211000	
11.114800	24.253000	
11.123120	24.294000	
11.131440	24.335000	
11.139760	24.376000	
11.148080	24.417000	
11.156400	24.458000	
11.164720	24.499000	
11.173040	24.540000	
11.181360	24.581000	
11.189680	24.621000	
11.198000	24.662000	
11.206320	24.702000	
11.214640	24.743000	
11.222960	24.783000	
11.231280	24.824000	
11.239600	24.864000	
11.247920	24.904000	
11.256240	24.944000	
11.264560	24.984000	
11.517130	25.024000	
11.525450	25.064000	
11.533770	25.104000	
11.542090	25.144000	
11.550410	25.184000	
11.558730	25.224000	
11.567050	25.263000	
11.575370	25.303000	
11.583690	25.342000	
11.592010	25.382000	
11.600330	25.421000	
11.608650	25.461000	
11.616970	25.500000	
11.625290	25.539000	
11.633610	25.578000	
11.641930	25.617000	
11.650250	25.656000	
11.658570	25.695000	
11.666890	25.734000	
11.675210	25.773000	
11.927780	25.812000	
11.936100	25.851000	
11.944420	25.889000	
11.952740	25.928000	
11.961060	25.967000	
11.969380	26.005000	
11.977700	26.044000	
11.986020	26.082000	
11.994340	26.120000	
12.002660	26.159000	
12.010980	26.197000	
12.019300	26.235000	
12.027620	26.273000	
12.035940	26.311000	
12.044260	26.349000	
12.052580	26.387000	
12.060900	26.425000	
12.069220	26.463000	
12.077540	26.501000	
12.085860	26.538000	
12.338420	26.576000	
12.346740	26.614000	
12.355060	26.651000	
12.363380	26.689000	
12.371700	26.726000	
12.380020	26.764000	
12.388340	26.801000	
12.396660	26.838000	
12.404980	26.876000	
12.413300	26.913000	
12.421620	26.950000	
12.429940	26.987000	
12.438260	27.024000	
12.446580	27.061000	
12.454900	27.098000	
12.463220	27.135000	
12.471540	27.172000	
