0.000000	1.000000	
0.600010	2.000000	
1.000020	3.000000	
1.004430	4.000000	
1.400020	5.000000	
1.404440	6.000000	
1.408860	7.000000	
1.413270	8.000000	
1.800030	9.000000	
1.804450	10.000000	
1.808860	11.000000	
1.813280	12.000000	
1.817700	13.000000	
1.822110	14.000000	
1.826530	15.000000	
1.830940	16.000000	
2.200040	17.000000	
2.204460	18.000000	
2.208870	19.000000	
2.213290	20.000000	
2.217700	20.050000	
2.222120	20.100000	
2.226540	20.150000	
2.230950	20.199000	
2.235370	20.249000	
2.239780	20.298000	
2.244200	20.347000	
2.248620	20.397000	
2.253030	20.446000	
2.257450	20.494000	
2.261860	20.543000	
2.266280	20.592000	
2.600050	20.641000	
2.604460	20.689000	
2.608880	20.737000	
2.613300	20.786000	
2.617710	20.834000	
2.622130	20.882000	
2.626540	20.930000	
2.630960	20.977000	
2.635380	21.025000	
2.639790	21.073000	
2.644210	21.120000	
2.648620	21.167000	
2.653040	21.215000	
2.657460	21.262000	
2.661870	21.309000	
2.666290	21.356000	
2.670700	21.403000	
2.675120	21.449000	
2.679540	21.496000	
2.683950	21.542000	
3.000060	21.589000	
3.004470	21.635000	
3.008890	21.681000	
3.013300	21.727000	
3.017720	21.773000	
3.022140	21.819000	
3.026550	21.865000	
3.030970	21.911000	
3.035380	21.957000	
3.039800	22.002000	
3.044220	22.048000	
3.048630	22.093000	
3.053050	22.138000	
3.057460	22.183000	
3.061880	22.228000	
3.066300	22.273000	
3.070710	22.318000	
3.075130	22.363000	
3.079540	22.408000	
3.083960	22.453000	
3.400060	22.497000	
3.404480	22.542000	
3.408900	22.586000	
3.413310	22.630000	
3.417730	22.674000	
3.422140	22.718000	
3.426560	22.762000	
3.430980	22.806000	
3.435390	22.850000	
3.439810	22.894000	
3.444220	22.938000	
3.448640	22.981000	
3.453060	23.025000	
3.457470	23.068000	
3.461890	23.112000	
3.466300	23.155000	
3.470720	23.198000	
3.475140	23.241000	
3.479550	23.284000	
3.483970	23.327000	
3.800070	23.370000	
3.804490	23.413000	
3.808900	23.455000	
3.813320	23.498000	
3.817740	23.541000	
3.822150	23.583000	
3.826570	23.626000	
3.830980	23.668000	
3.835400	23.710000	
3.839820	23.752000	
3.844230	23.794000	
3.848650	23.836000	
3.853060	23.878000	
3.857480	23.920000	
3.861900	23.962000	
3.866310	24.004000	
3.870730	24.045000	
3.875140	24.087000	
3.879560	24.129000	
3.883980	24.170000	
4.200080	24.211000	
4.204500	24.253000	
4.208910	24.294000	
4.213330	24.335000	
4.217740	24.376000	
4.222160	24.417000	
4.226580	24.458000	
4.230990	24.499000	
4.235410	24.540000	
4.239820	24.581000	
4.244240	24.621000	
4.248660	24.662000	
4.253070	24.702000	
4.257490	24.743000	
4.261900	24.783000	
4.266320	24.824000	
4.270740	24.864000	
4.275150	24.904000	
4.279570	24.944000	
4.283980	24.984000	
4.600090	25.024000	
4.604500	25.064000	
4.608920	25.104000	
4.613340	25.144000	
4.617750	25.184000	
4.622170	25.224000	
4.626580	25.263000	
4.631000	25.303000	
4.635420	25.342000	
4.639830	25.382000	
4.644250	25.421000	
4.648660	25.461000	
4.653080	25.500000	
4.657500	25.539000	
4.661910	25.578000	
4.666330	25.617000	
4.670740	25.656000	
4.675160	25.695000	
4.679580	25.734000	
4.683990	25.773000	
5.000100	25.812000	
5.004510	25.851000	
5.008930	25.889000	
5.013340	25.928000	
5.017760	25.967000	
5.022180	26.005000	
5.026590	26.044000	
5.031010	26.082000	
5.035420	26.120000	
5.039840	26.159000	
5.044260	26.197000	
5.048670	26.235000	
5.053090	26.273000	
5.057500	26.311000	
5.061920	26.349000	
5.066340	26.387000	
5.070750	26.425000	
5.075170	26.463000	
5.079580	26.501000	
5.084000	26.538000	
5.400100	26.576000	
5.404520	26.614000	
5.408940	26.651000	
5.413350	26.689000	
5.417770	26.726000	
5.422180	26.764000	
5.426600	26.801000	
5.431020	26.838000	
5.435430	26.876000	
5.439850	26.913000	
5.444260	26.950000	
5.448680	26.987000	
5.453100	27.024000	
5.457510	27.061000	
5.461930	27.098000	
5.466340	27.135000	
5.470760	27.172000	
5.475180	27.209000	
5.479590	27.245000	
5.484010	27.282000	
5.800110	27.319000	
5.804530	27.355000	
5.808940	27.392000	
5.813360	27.428000	
5.817780	27.465000	
5.822190	27.501000	
5.826610	27.538000	
5.831020	27.574000	
5.835440	27.610000	
5.839860	27.646000	
5.844270	27.683000	
5.848690	27.719000	
5.853100	27.755000	
5.857520	27.791000	
5.861940	27.827000	
5.866350	27.863000	
5.870770	27.899000	
5.875180	27.934000	
5.879600	27.970000	
5.884020	28.006000	
6.200120	28.042000	
6.204540	28.077000	
6.208950	28.113000	
6.213370	28.149000	
6.217780	28.184000	
6.222200	28.220000	
6.226620	28.255000	
6.231030	28.290000	
6.235450	28.326000	
6.239860	28.361000	
6.244280	28.396000	
6.248700	28.432000	
6.253110	28.467000	
6.257530	28.502000	
6.261940	28.537000	
6.266360	28.572000	
6.270780	28.607000	
6.275190	28.642000	
6.279610	28.677000	
6.284020	28.712000	
6.600130	28.747000	
6.604540	28.781000	
6.608960	28.816000	
6.613380	28.851000	
6.617790	28.885000	
6.622210	28.920000	
6.626620	28.955000	
6.631040	28.989000	
6.635460	29.024000	
6.639870	29.058000	
6.644290	29.093000	
6.648700	29.127000	
6.653120	29.161000	
6.657540	29.196000	
6.661950	29.230000	
6.666370	29.264000	
6.670780	29.298000	
6.675200	29.332000	
6.679620	29.366000	
6.684030	29.400000	
7.000140	29.434000	
7.004550	29.468000	
7.008970	29.502000	
7.013380	29.536000	
7.017800	29.570000	
7.022220	29.604000	
7.026630	29.638000	
7.031050	29.671000	
7.035460	29.705000	
7.039880	29.739000	
7.044300	29.772000	
7.048710	29.806000	
7.053130	29.840000	
7.057540	29.873000	
7.061960	29.907000	
7.066380	29.940000	
7.070790	29.973000	
7.075210	30.007000	
7.079620	30.040000	
7.084040	30.073000	
7.400140	30.107000	
7.404560	30.140000	
7.408980	30.173000	
7.413390	30.206000	
7.417810	30.239000	
7.422220	30.272000	
7.426640	30.305000	
7.431060	30.338000	
7.435470	30.371000	
7.439890	30.404000	
7.444300	30.437000	
7.448720	30.470000	
7.453140	30.503000	
7.457550	30.536000	
7.461970	30.568000	
7.466380	30.601000	
7.470800	30.634000	
7.475220	30.666000	
7.479630	30.699000	
7.484050	30.732000	
7.800150	30.764000	
7.804570	30.797000	
7.808980	30.829000	
7.813400	30.862000	
7.817820	30.894000	
7.822230	30.926000	
7.826650	30.959000	
7.831060	30.991000	
7.835480	31.023000	
7.839900	31.055000	
7.844310	31.088000	
7.848730	31.120000	
7.853140	31.152000	
7.857560	31.184000	
7.861980	31.216000	
7.866390	31.248000	
7.870810	31.280000	
7.875220	31.312000	
7.879640	31.344000	
7.884060	31.376000	
8.200160	31.408000	
8.204580	31.440000	
8.208990	31.471000	
8.213410	31.503000	
8.217820	31.535000	
8.222240	31.567000	
8.226660	31.598000	
8.231070	31.630000	
8.235490	31.662000	
8.239900	31.693000	
8.244320	31.725000	
8.248740	31.756000	
8.253150	31.788000	
8.257570	31.819000	
8.261980	31.851000	
8.266400	31.882000	
8.270820	31.913000	
8.275230	31.945000	
8.279650	31.976000	
8.284060	32.007000	
8.714060	1.000000	
10.400010	2.000000	
10.800020	3.000000	
10.804430	4.000000	
11.200020	5.000000	
11.204440	6.000000	
11.208860	7.000000	
11.213270	8.000000	
11.600030	9.000000	
11.604450	10.000000	
11.608860	11.000000	
11.613280	12.000000	
11.617700	13.000000	
11.622110	14.000000	
11.626530	15.000000	
11.630940	16.000000	
12.000040	17.000000	
12.004460	18.000000	
12.008870	19.000000	
12.013290	20.000000	
12.017700	20.050000	
12.022120	20.100000	
12.026540	20.150000	
12.030950	20.199000	
12.035370	20.249000	
12.039780	20.298000	
12.044200	20.347000	
12.048620	20.397000	
12.053030	20.446000	
12.057450	20.494000	
12.061860	20.543000	
12.066280	20.592000	
12.400050	20.641000	
12.404460	20.689000	
12.408880	20.737000	
12.413300	20.786000	
12.417710	20.834000	
12.422130	20.882000	
12.426540	20.930000	
12.430960	20.977000	
12.435380	21.025000	
12.439790	21.073000	
12.444210	21.120000	
12.448620	21.167000	
12.453040	21.215000	
12.457460	21.262000	
12.461870	21.309000	
12.466290	21.356000	
12.470700	21.403000	
12.475120	21.449000	
12.479540	21.496000	
12.483950	21.542000	
12.800060	21.589000	
12.804470	21.635000	
12.808890	21.681000	
12.813300	21.727000	
12.817720	21.773000	
12.822140	21.819000	
12.826550	21.865000	
12.830970	21.911000	
12.835380	21.957000	
12.839800	22.002000	
12.844220	22.048000	
12.848630	22.093000	
12.853050	22.138000	
12.857460	22.183000	
12.861880	22.228000	
12.866300	22.273000	
12.870710	22.318000	
12.875130	22.363000	
12.879540	22.408000	
12.883960	22.453000	
13.200060	22.497000	
13.204480	22.542000	
13.208900	22.586000	
13.213310	22.630000	
13.217730	22.674000	
13.222140	22.718000	
13.226560	22.762000	
13.230980	22.806000	
13.235390	22.850000	
13.239810	22.894000	
13.244220	22.938000	
13.248640	22.981000	
13.253060	23.025000	
13.257470	23.068000	
13.261890	23.112000	
13.266300	23.155000	
13.270720	23.198000	
13.275140	23.241000	
13.279550	23.284000	
13.283970	23.327000	
13.600070	23.370000	
13.604490	23.413000	
13.608900	23.455000	
13.613320	23.498000	
13.617740	23.541000	
13.622150	23.583000	
13.626570	23.626000	
13.630980	23.668000	
13.635400	23.710000	
13.639820	23.752000	
13.644230	23.794000	
13.648650	23.836000	
13.653060	23.878000	
13.657480	23.920000	
13.661900	23.962000	
13.666310	24.004000	
13.670730	24.045000	
13.675140	24.087000	
13.679560	24.129000	
13.683980	24.170000	
14.000080	24.211000	
14.004500	24.253000	
14.008910	24.294000	
14.013330	24.335000	
14.017740	24.376000	
14.022160	24.417000	
14.026580	24.458000	
14.030990	24.499000	
14.035410	24.540000	
14.039820	24.581000	
14.044240	24.621000	
14.048660	24.662000	
14.053070	24.702000	
14.057490	24.743000	
14.061900	24.783000	
14.066320	24.824000	
14.070740	24.864000	
14.075150	24.904000	
14.079570	24.944000	
14.083980	24.984000	
14.400090	25.024000	
14.404500	25.064000	
14.408920	25.104000	
14.413340	25.144000	
14.417750	25.184000	
14.422170	25.224000	
14.426580	25.263000	
14.431000	25.303000	
14.435420	25.342000	
14.439830	25.382000	
14.444250	25.421000	
14.448660	25.461000	
14.453080	25.500000	
14.457500	25.539000	
14.461910	25.578000	
14.466330	25.617000	
14.470740	25.656000	
14.475160	25.000000	
